global phi;
global normbase;
phi=[1 0 0 0;
    -3 3 0 0;
    3 -6 3 0;
    -1 3 -3 1];
%下面是四个基向量

pe1=(35/3)^0.5*[0 0;1 0;0 0;0 0];
pe2=(35/3)^0.5*[0 0;0 1;0 0;0 0];
pe3=(80/3)^0.5*[0 0;-3/4 0;1 0;0 0];
pe4=(80/3)^0.5*[0 0;0 -3/4;0 1;0 0];
normbase={pe1,pe2,pe3,pe4};